[paths]
film_folder = /home/pi/film8/film
scan_folder = /home/warwickh/scanframes/roll3redo
crop_folder = /home/warwickh/scanframes/crop/roll3

[camera]
view_width = 3280
view_height = 2464

[film]
format = s8
led_dc = 100
resolution = 720x540
s8_framerate = 24
s8_steps_pr_frame = 100
r8_framerate = 12
r8_steps_pr_frame = 80

[frame]
format = s8
outerthresh = 0.6100000000000002
innerthresh = 0.25999999999999995
s8_minsprocketsize = 40
s8_maxsprocketsize = 65
s8_ratio = 2.7007874015748037
s8_midx = 64
s8_midy = 240
r8_minsprocketsize = 40
r8_maxsprocketsize = 58
r8_ratio = 2.5896762904636925
r8_midx = 64
r8_midy = 120

[s8_frame_crop]
x1 = 26
x2 = 1612
y1 = -115
y2 = 1012

[s8_hole_crop]
x1 = 100
x2 = 112
y1 = 0
y2 = 2463

[r8_frame_crop]
x1 = 146
x2 = 960
y1 = 28
y2 = 593

[r8_hole_crop]
x1 = 75
x2 = 240
y1 = 0
y2 = 276

