[paths]
film_folder = /home/pi/film8/film
scan_folder = /home/warwickh/scanframes/inbound
crop_folder = /home/warwickh/cropframes

[camera]
view_width = 3280
view_height = 2464

[film]
format = s8
led_dc = 100
resolution = 720x540
s8_framerate = 18
s8_steps_pr_frame = 100
r8_framerate = 12
r8_steps_pr_frame = 80

[frame]
format = s8
outerthresh = 0.32999999999999996
innerthresh = 0.20999999999999996
s8_minsprocketsize = 40
s8_maxsprocketsize = 65
s8_ratio = 2.7007874015748037
s8_midx = 64
s8_midy = 240
r8_minsprocketsize = 40
r8_maxsprocketsize = 58
r8_ratio = 2.5896762904636925
r8_midx = 64
r8_midy = 120

[s8_frame_crop]
x1 = 2
x2 = 1455
y1 = -107
y2 = 933

[s8_hole_crop]
x1 = 62
x2 = 90
y1 = 0
y2 = 2463

[r8_frame_crop]
x1 = 146
x2 = 960
y1 = 28
y2 = 593

[r8_hole_crop]
x1 = 83
x2 = 109
y1 = 0
y2 = 276

