[paths]
film_folder = c:\data\film8\film
scan_folder = C:\Users\F98044d\Videos\git\scan8mmfilm-app\scanframes
crop_folder = C:\Users\F98044d\Videos\git\scan8mmfilm-app\cropframes

[camera]
view_width = 3280
view_height = 2464

[film]
format = s8
led_dc = 100
resolution = 720x540
s8_framerate = 24
s8_steps_pr_frame = 100
r8_framerate = 12
r8_steps_pr_frame = 80

[frame]
format = s8
innerthresh = 0.2
s8_stdsprocketheight = 0.13
s8_ratio = 2.7007874015748037
s8_midx = 64
s8_midy = 240
r8_stdsprocketheight = 0.13
r8_ratio = 2.5896762904636925
r8_midx = 64
r8_midy = 120

[s8_frame_crop]
x1 = -8
x2 = 1579
y1 = -130
y2 = 925

[s8_hole_crop]
x1 = 55
x2 = 110
y1 = 0
y2 = 2463

[r8_frame_crop]
x1 = 15
x2 = 1338
y1 = 16
y2 = 963

[r8_hole_crop]
x1 = 90
x2 = 240
y1 = 0
y2 = 276

