[paths]
film_folder = /home/pi/film8/film
scan_folder = /home/warwickh/scanframes/roll9
crop_folder = /home/warwickh/scanframes/crop/roll9

[camera]
view_width = 3280
view_height = 2464

[film]
format = r8
led_dc = 100
resolution = 720x540
s8_framerate = 18
s8_steps_pr_frame = 100
r8_framerate = 16
r8_steps_pr_frame = 80

[frame]
format = r8
outerthresh = 0.8003226164480267
innerthresh = 0.3
s8_stdsprocketheight = 0.13
s8_stdsprocketwidth = 0.055
s8_ratio = 2.7007874015748037
s8_midy = 240
r8_stdsprocketheight = 0.135
r8_stdsprocketwidth = 0.13
r8_ratio = 2.5896762904636925
r8_midy = 120
analysistype = auto
edgeauto = True
hsvmargin = 80
whitethreshold = 217
calchole = 374
calcgap = 811
s8_lx = 400
r8_lx = 15.0

[s8_frame_crop]
x1 = 2
x2 = 1455
y1 = -107
y2 = 933

[s8_hole_crop]
x1 = 385
x2 = 564
y1 = 0
y2 = 0

[s8_white_crop]
x1 = -185
x2 = -27
y1 = -109
y2 = 122

[r8_frame_crop]
x1 = 25
x2 = 1393
y1 = 11
y2 = 1022

[r8_hole_crop]
x1 = 385
x2 = 564
y1 = 0
y2 = 0

[r8_white_crop]
x1 = -463
x2 = -38
y1 = 947
y2 = 1221

[filmPlate]
x1 = 195
x2 = 2523
y1 = 0
y2 = 2072

