[paths]
film_folder = /home/pi/film8/film
scan_folder = /home/warwickh/scanframes/roll5redo
crop_folder = /home/warwickh/scanframes/crop/roll5

[camera]
view_width = 3280
view_height = 2464

[film]
format = s8
led_dc = 100
resolution = 720x540
s8_framerate = 18
s8_steps_pr_frame = 100
r8_framerate = 16
r8_steps_pr_frame = 80

[frame]
format = s8
outerthresh = 0.8003226164480267
innerthresh = 0.3
s8_stdsprocketheight = 0.13
s8_stdsprocketwidth = 0.05
s8_ratio = 2.7007874015748037
s8_midy = 240
r8_stdsprocketheight = 0.135
r8_stdsprocketwidth = 0.13
r8_ratio = 2.5896762904636925
r8_midy = 120
analysistype = ratio
edgeauto = True
hsvmargin = 69
whitethreshold = 247
calchole = 374
calcgap = 811
s8_lx = 56
r8_lx = 78

[s8_frame_crop]
x1 = -8
x2 = 1445
y1 = -97
y2 = 943

[s8_hole_crop]
x1 = 56
x2 = 106
y1 = 0
y2 = 0

[s8_white_crop]
x1 = -205
x2 = -47
y1 = -79
y2 = 62

[r8_frame_crop]
x1 = 15
x2 = 1383
y1 = 11
y2 = 1022

[r8_hole_crop]
x1 = 385
x2 = 564
y1 = 0
y2 = 0

[r8_white_crop]
x1 = -463
x2 = -38
y1 = 947
y2 = 1221

[filmPlate]
x1 = 195
x2 = 2523
y1 = 0
y2 = 2072

