[paths]
film_folder = /home/warwickh/Videos
scan_folder = C:\Users\F98044d\Videos\git\scan8mmfilm-app\scanframes
crop_folder = C:\Users\F98044d\Videos\git\scan8mmfilm-app\cropframes

[camera]
view_width = 3280
view_height = 2464

[film]
format = s8
led_dc = 50
resolution = 720x540
s8_framerate = 18
s8_steps_pr_frame = 100
r8_framerate = 12
r8_steps_pr_frame = 80

[frame]
format = s8
outerthresh = 0.5800000000000001
innerthresh = 0.23999999999999994
s8_minsprocketsize = 40
s8_maxsprocketsize = 65
s8_ratio = 2.7007874015748037
s8_midx = 64
s8_midy = 240
r8_minsprocketsize = 40
r8_maxsprocketsize = 58
r8_ratio = 2.5896762904636925
r8_midx = 64
r8_midy = 120

[s8_frame_crop]
x1 = 5
x2 = 1644
y1 = -117
y2 = 1034

[s8_hole_crop]
x1 = 68
x2 = 89
y1 = 0
y2 = 2463

[r8_frame_crop]
x1 = 146
x2 = 960
y1 = 28
y2 = 593

[r8_hole_crop]
x1 = 90
x2 = 240
y1 = 0
y2 = 276

