[paths]
film_folder = /home/pi/film8/film
scan_folder = /home/warwickh/scanframes/roll8
crop_folder = /home/warwickh/scanframes/crop/roll3test

[camera]
view_width = 3280
view_height = 2464

[film]
format = r8
led_dc = 100
resolution = 720x540
s8_framerate = 24
s8_steps_pr_frame = 100
r8_framerate = 12
r8_steps_pr_frame = 80

[frame]
format = r8
outerthresh = 0.8003226164480267
innerthresh = 0.3
s8_stdsprocketheight = 0.13
s8_stdsprocketwidth = 0.055
s8_ratio = 2.7007874015748037
s8_midx = 64
s8_midy = 240
r8_stdsprocketheight = 0.13
r8_stdsprocketwidth = 0.13
r8_ratio = 2.5896762904636925
r8_midx = 64
r8_midy = 120
analysistype = thresh
ratiox1 = 379
ratiox2 = 1010

[s8_frame_crop]
x1 = 2
x2 = 1455
y1 = -107
y2 = 933

[s8_white_crop]
x1 = -185
x2 = -27
y1 = -109
y2 = 122

[r8_frame_crop]
x1 = 15
x2 = 1383
y1 = 11
y2 = 1022

[r8_white_crop]
x1 = -463
x2 = -38
y1 = 957
y2 = 1231

